"","mon_mnm1","mon_mnm2","mon_mnm3","mon_mnm4"
"1",-13.0155363487357,-14.0181728548547,-14.7495179393699,-14.5697694422986
"2",-9.61387074108465,-11.5748243410528,-13.0993022615245,-10.3556157665104
"3",-39.5541146708405,-39.2578364777074,-26.150527316019,-25.084577195649
"4",-25.8589350013161,-25.0404775587013,-15.2570357463519,-16.5703709321417
"5",-8.95113240855104,-10.3038676008788,-12.2230961889749,-11.4665147060138
"6",-22.5568049998218,-19.3911906310722,-19.6569254182049,-21.534932261608
"7",-18.4966581636713,-19.2582078537175,-13.5190619411791,-11.7774975878854
"8",-14.7574705711549,-14.4545406637803,-5.17515757262546,-6.82234378084396
"9",-21.0635235196271,-22.3432232049384,-21.4258085344913,-13.8029976412144
"10",-12.3662211891952,-13.5358841928063,-13.4585587069497,-15.3269531161727
